DATE,TIME,BRONZE V,BRONZE IV,BRONZE III,BRONZE II,BRONZE I,SILVER V,SILVER IV,SILVER III,SILVER II,SILVER I,GOLD V,GOLD IV,GOLD III,GOLD II,GOLD I,PLATINUM V,PLATINUM IV,PLATINUM III,PLATINUM II,PLATINUM I,DIAMOND V,DIAMOND IV,DIAMOND III,DIAMOND II,DIAMOND I,MASTER I,CHALLENGER I
2016_04_01,17_20_39,110134,119186,130884,137711,120523,212633,164180,147244,132008,99174,136336,72179,60367,44100,39245,54655,29620,26011,21307,12114,20974,7363,3896,2301,1345,1023,200
2016_04_01,17_29_04,110134,119186,130884,137711,120523,212633,164180,147244,132008,99174,136336,72179,60367,44100,39245,54655,29620,26011,21307,12114,20974,7363,3896,2301,1345,1023,200
2016_04_01,18_27_45,110901,120030,131709,138762,121430,215982,165979,148629,133452,100146,137746,72523,60610,44260,39441,55240,29892,26120,21417,12188,21035,7379,3896,2313,1327,1028,200
2016_04_01,18_46_28,110997,120103,131766,138883,121505,216127,166073,148663,133535,100216,137769,72522,60641,44243,39449,55263,29888,26140,21418,12189,21034,7389,3900,2306,1329,1030,200
2016_04_01,20_23_17,111108,120217,132044,138983,121593,216775,166503,148967,133820,100469,137935,72625,60728,44294,39482,55351,29968,26193,21433,12174,21052,7392,3908,2312,1334,1028,200
2016_04_01,22_43_58,111399,120538,132394,139332,121928,217523,166967,149350,134096,100718,138314,72878,60832,44449,39534,55483,30015,26211,21454,12180,21080,7408,3916,2300,1345,1028,200
2016_04_02,00_45_01,111531,120796,132560,139679,122173,218252,167343,149780,134472,100982,138432,73016,60916,44526,39556,55528,30078,26247,21460,12197,21173,7456,3924,2315,1342,1037,200
2016_04_02,01_06_28,111524,120787,132607,139649,122196,218429,167408,149813,134555,101025,138454,73027,60925,44540,39572,55546,30074,26249,21467,12204,21177,7452,3932,2312,1344,1037,200
2016_04_02,01_43_18,111627,120857,132728,139759,122302,218426,167423,149859,134617,101051,138495,73069,60952,44539,39577,55575,30091,26266,21465,12216,21170,7459,3931,2315,1350,1039,200
2016_04_02,11_27_02,111584,120937,132678,139787,122376,218984,167938,150322,135055,101383,138697,73254,60976,44607,39614,55771,30158,26323,21547,12225,21232,7488,3934,2313,1352,1043,200
2016_04_02,15_32_13,111811,121253,133060,140224,122579,219766,168350,150774,135462,101608,138968,73390,61090,44665,39800,55775,30184,26314,21570,12229,21246,7479,3929,2314,1353,1039,200
2016_04_02,15_52_58,111816,121250,133080,140227,122586,219820,168371,150783,135481,101631,138972,73425,61091,44679,39810,55797,30194,26312,21559,12242,21247,7489,3927,2314,1353,1039,200
2016_04_02,17_51_05,112121,121583,133490,140603,122857,220513,168720,151032,135793,101802,139199,73449,61153,44710,39829,55886,30227,26312,21575,12261,21299,7463,3943,2322,1359,1033,200
